# 1SC	2SC	2PxC	2PyC	2PzC	1SH1	1SH2	1SH3	1SH4
2.0659	-0.20184	0	0	0	-0.09387	-0.09387	-0.09387	-0.09387
-0.20184	0.79067	0	0	0	0.22611	0.22611	0.22611	0.22611
0	0	0.65429	0	0	-0.28097	-0.28097	0.56194	0
0	0	0	0.65429	0	-0.19868	-0.19868	-0.19868	0.59603
0	0	0	0	0.65429	0.48665	-0.48666	0	0
-0.09387	0.22611	-0.28097	-0.19868	0.48665	0.60826	-0.11568	-0.11568	-0.11568
-0.09387	0.22611	-0.28097	-0.19868	-0.48666	-0.11568	0.60826	-0.11568	-0.11568
-0.09387	0.22611	0.56194	-0.19868	0	-0.11568	0.11568	0.60826	-0.11568
-0.09387	0.22611	0	0.59603	0	-0.11568	-0.11568	-0.1568	0.60826