2.10787	-0.45539	0.00000	0.00000	-0.10813	-0.02245	-0.02245
-0.45539	2.00677	0.00000	0.00000	0.60590	-0.05513	-0.05513
0.00000	0.00000	2.00000	0.00000	0.00000	0.00000	0.00000
0.00000	0.00000	0.00000	0.75079	0.00000	-0.55047	0.55047
-0.10813	0.60590	0.00000	0.00000	1.17291	-0.48430	-0.48430
-0.02245	-0.05513	0.00000	-0.55047	-0.48430	0.62625	-0.18095
-0.02245	-0.05513	0.00000	0.55047	-0.48430	-0.18095	0.62625	