1.99629	0.03271	0.00000	0.00000	-0.04624	-0.04578	-0.04578
0.03271	1.71140	0.00000	0.00000	0.40803	0.40395	0.40395
0.00000	0.00000	2.00000	0.00000	0.00000	0.00000	0.00000
0.00000	0.00000	0.00000	1.10075	0.00000	-0.70351	0.70351
-0.04624	0.40803	0.00000	0.00000	1.42312	-0.57111	-0.57111
-0.04578	0.40395	0.00000	-0.70351	-0.57111	0.88422	-0.01503
-0.04578	0.40395	0.00000	0.70351	-0.57111	-0.01503	0.88422